  a p p l e
  1 2 3 4 5
s 1 2 3 4 5
a 1 2 3 4 5
p 2 1 2 3 4
p 3 2 1 2 3
l 4 3 2 1 2
e 5 4 3 2 1

  a p p l e
  1 2 3 4 5
s 1 2 3 4 5
s 2 2 3 4 5
a 2 3 3 4 5
p 3 2 3 4 5
p 4 3 2 3 4
l 5 4 3 2 3
e 6 5 4 3 2

  a p p l e
  1 2 3 4 5
a 0 1 2 3 4
p 1 0 1 2 3
p 2 1 0 1 2
l 3 2 1 0 1
l 4 3 2 1 1
e 5 4 3 2 1

  a p p l e
  1 2 3 4 5
a 0 1 2 3 4
p 1 0 1 2 3
p 2 1 0 1 2
l 3 2 1 0 1
e 4 3 2 1 0
e 5 4 3 2 1

  a p p l e
  1 2 3 4 5
a 0 1 2 3 4
a 1 1 2 3 4
p 2 1 1 2 3
p 3 2 1 2 3
l 4 3 2 1 2
e 5 4 3 2 1
s 6 5 4 3 2

  a p p l e
  1 2 3 4 5
s 1 2 3 4 5
p 2 1 2 3 4
p 3 2 1 2 3
l 4 3 2 1 2
e 5 4 3 2 1

  g a l d o t y
  1 2 3 4 5 6 7
g 0 1 2 3 4 5 6
o 1 1 2 3 3 4 5
d 2 2 2 2 3 4 5
o 3 3 3 3 2 3 4
t 4 4 4 4 3 2 3

  w a l d o t
  1 2 3 4 5 6
g 1 2 3 4 5 6
o 2 2 3 4 4 5
d 3 3 3 3 4 5
o 4 4 4 4 3 4
t 5 5 5 5 4 3

  w a l d o t y
  1 2 3 4 5 6 7
g 1 2 3 4 5 6 7
o 2 2 3 4 4 5 6
d 3 3 3 3 4 5 6
o 4 4 4 4 3 4 5
t 5 5 5 5 4 3 4
